Limites unilaterais da distribuição F de Fisher-Snedecor ao nível de 0.5% probabilidade																				
GL										V1										
V2	1	2	3	4	5	6	7	8	9	10	11	12	13	14	15	20	40	60	120	240
1	16210.72	19999.50	21614.74	22499.58	23055.80	23437.11	23714.57	23925.41	24091.00	24224.49	24334.36	24426.37	24504.54	24571.77	24630.21	24835.97	25148.15	25253.14	25358.57	25411.46
2	198.50	199.00	199.17	199.25	199.30	199.33	199.36	199.37	199.39	199.40	199.41	199.42	199.42	199.43	199.43	199.45	199.47	199.48	199.49	199.50
3	55.552	49.799	47.467	46.195	45.392	44.838	44.434	44.126	43.882	43.686	43.524	43.387	43.271	43.172	43.085	42.778	42.308	42.149	41.989	41.909
4	31.333	26.284	24.259	23.155	22.456	21.975	21.622	21.352	21.139	20.967	20.824	20.705	20.603	20.515	20.438	20.167	19.752	19.611	19.468	19.397
5	22.785	18.314	16.530	15.556	14.940	14.513	14.200	13.961	13.772	13.618	13.491	13.384	13.293	13.215	13.146	12.903	12.530	12.402	12.274	12.209
6	18.635	14.544	12.917	12.028	11.464	11.073	10.786	10.566	10.391	10.250	10.133	10.034	9.950	9.877	9.814	9.589	9.241	9.122	9.001	8.941
7	16.236	12.404	10.882	10.050	9.522	9.155	8.885	8.678	8.514	8.380	8.270	8.176	8.097	8.028	7.968	7.754	7.422	7.309	7.193	7.135
8	14.688	11.042	9.596	8.805	8.302	7.952	7.694	7.496	7.339	7.211	7.104	7.015	6.938	6.872	6.814	6.608	6.288	6.177	6.065	6.008
9	13.614	10.107	8.717	7.956	7.471	7.134	6.885	6.693	6.541	6.417	6.314	6.227	6.153	6.089	6.032	5.832	5.519	5.410	5.300	5.244
10	12.826	9.427	8.081	7.343	6.872	6.545	6.302	6.116	5.968	5.847	5.746	5.661	5.589	5.526	5.471	5.274	4.966	4.859	4.750	4.695
11	12.226	8.912	7.600	6.881	6.422	6.102	5.865	5.682	5.537	5.418	5.320	5.236	5.165	5.103	5.049	4.855	4.551	4.445	4.337	4.281
12	11.754	8.510	7.226	6.521	6.071	5.757	5.525	5.345	5.202	5.085	4.988	4.906	4.836	4.775	4.721	4.530	4.228	4.123	4.015	3.960
13	11.374	8.186	6.926	6.233	5.791	5.482	5.253	5.076	4.935	4.820	4.724	4.643	4.573	4.513	4.460	4.270	3.970	3.866	3.758	3.703
14	11.060	7.922	6.680	5.998	5.562	5.257	5.031	4.857	4.717	4.603	4.508	4.428	4.359	4.299	4.247	4.059	3.760	3.655	3.547	3.492
15	10.798	7.701	6.476	5.803	5.372	5.071	4.847	4.674	4.536	4.424	4.329	4.250	4.181	4.122	4.070	3.883	3.585	3.480	3.372	3.317
16	10.575	7.514	6.303	5.638	5.212	4.913	4.692	4.521	4.384	4.272	4.179	4.099	4.031	3.972	3.920	3.734	3.437	3.332	3.224	3.168
17	10.384	7.354	6.156	5.497	5.075	4.779	4.559	4.389	4.254	4.142	4.050	3.971	3.903	3.844	3.793	3.607	3.311	3.206	3.097	3.041
18	10.218	7.215	6.028	5.375	4.956	4.663	4.445	4.276	4.141	4.030	3.938	3.860	3.793	3.734	3.683	3.498	3.201	3.096	2.987	2.931
19	10.073	7.093	5.916	5.268	4.853	4.561	4.345	4.177	4.043	3.933	3.841	3.763	3.696	3.638	3.587	3.402	3.106	3.000	2.891	2.834
20	9.944	6.986	5.818	5.174	4.762	4.472	4.257	4.090	3.956	3.847	3.756	3.678	3.611	3.553	3.502	3.318	3.022	2.916	2.806	2.749
21	9.830	6.891	5.730	5.091	4.681	4.393	4.179	4.013	3.880	3.771	3.680	3.602	3.536	3.478	3.427	3.243	2.947	2.841	2.730	2.673
22	9.727	6.806	5.652	5.017	4.609	4.322	4.109	3.944	3.812	3.703	3.612	3.535	3.469	3.411	3.360	3.176	2.880	2.774	2.663	2.605
23	9.635	6.730	5.582	4.950	4.544	4.259	4.047	3.882	3.750	3.642	3.551	3.475	3.408	3.351	3.300	3.116	2.820	2.713	2.602	2.543
24	9.551	6.661	5.519	4.890	4.486	4.202	3.991	3.826	3.695	3.587	3.497	3.420	3.354	3.296	3.246	3.062	2.765	2.658	2.546	2.488
25	9.475	6.598	5.462	4.835	4.433	4.150	3.939	3.776	3.645	3.537	3.447	3.370	3.304	3.247	3.196	3.013	2.716	2.609	2.496	2.437
26	9.406	6.541	5.409	4.785	4.384	4.103	3.893	3.730	3.599	3.492	3.402	3.325	3.259	3.202	3.151	2.968	2.671	2.563	2.450	2.391
27	9.342	6.489	5.361	4.740	4.340	4.059	3.850	3.687	3.557	3.450	3.360	3.284	3.218	3.161	3.110	2.928	2.630	2.522	2.408	2.348
28	9.284	6.440	5.317	4.698	4.300	4.020	3.811	3.649	3.519	3.412	3.322	3.246	3.180	3.123	3.073	2.890	2.592	2.483	2.369	2.309
29	9.230	6.396	5.276	4.659	4.262	3.983	3.775	3.613	3.483	3.377	3.287	3.211	3.145	3.088	3.038	2.855	2.557	2.448	2.333	2.273
30	9.180	6.355	5.239	4.623	4.228	3.949	3.742	3.580	3.450	3.344	3.255	3.179	3.113	3.056	3.006	2.823	2.524	2.415	2.300	2.239
40	8.828	6.066	4.976	4.374	3.986	3.713	3.509	3.350	3.222	3.117	3.028	2.953	2.888	2.831	2.781	2.598	2.296	2.184	2.064	1.999
50	8.626	5.902	4.826	4.232	3.849	3.579	3.376	3.219	3.092	2.988	2.900	2.825	2.760	2.703	2.653	2.470	2.164	2.050	1.925	1.858
60	8.495	5.795	4.729	4.140	3.760	3.492	3.291	3.134	3.008	2.904	2.817	2.742	2.677	2.620	2.570	2.387	2.079	1.962	1.834	1.764
80	8.335	5.665	4.611	4.029	3.652	3.387	3.188	3.032	2.907	2.803	2.716	2.641	2.577	2.520	2.470	2.286	1.974	1.854	1.720	1.646
100	8.241	5.589	4.542	3.963	3.589	3.325	3.127	2.972	2.847	2.744	2.657	2.583	2.518	2.461	2.411	2.227	1.912	1.790	1.652	1.573
120	8.179	5.539	4.497	3.921	3.548	3.285	3.087	2.933	2.808	2.705	2.618	2.544	2.479	2.423	2.373	2.188	1.871	1.747	1.606	1.524
240	8.027	5.417	4.387	3.816	3.447	3.187	2.991	2.837	2.713	2.610	2.524	2.450	2.385	2.329	2.278	2.093	1.770	1.640	1.488	1.396

