Limites unilaterais da distribuição F de Fisher-Snedecor ao nível de 2.5% probabilidade																				
GL										V1										
V2	1	2	3	4	5	6	7	8	9	10	11	12	13	14	15	20	40	60	120	240
1	647.79	799.50	864.16	899.58	921.85	937.11	948.22	956.66	963.28	968.63	973.03	976.71	979.84	982.53	984.87	993.10	1005.60	1009.80	1014.02	1016.14
2	38.506	39.000	39.165	39.248	39.298	39.331	39.355	39.373	39.387	39.398	39.407	39.415	39.421	39.427	39.431	39.448	39.473	39.481	39.490	39.494
3	17.443	16.044	15.439	15.101	14.885	14.735	14.624	14.540	14.473	14.419	14.374	14.337	14.304	14.277	14.253	14.167	14.037	13.992	13.947	13.925
4	12.218	10.649	9.979	9.605	9.364	9.197	9.074	8.980	8.905	8.844	8.794	8.751	8.715	8.684	8.657	8.560	8.411	8.360	8.309	8.283
5	10.007	8.434	7.764	7.388	7.146	6.978	6.853	6.757	6.681	6.619	6.568	6.525	6.488	6.456	6.428	6.329	6.175	6.123	6.069	6.042
6	8.813	7.260	6.599	6.227	5.988	5.820	5.695	5.600	5.523	5.461	5.410	5.366	5.329	5.297	5.269	5.168	5.012	4.959	4.904	4.877
7	8.073	6.542	5.890	5.523	5.285	5.119	4.995	4.899	4.823	4.761	4.709	4.666	4.628	4.596	4.568	4.467	4.309	4.254	4.199	4.171
8	7.571	6.059	5.416	5.053	4.817	4.652	4.529	4.433	4.357	4.295	4.243	4.200	4.162	4.130	4.101	3.999	3.840	3.784	3.728	3.699
9	7.209	5.715	5.078	4.718	4.484	4.320	4.197	4.102	4.026	3.964	3.912	3.868	3.831	3.798	3.769	3.667	3.505	3.449	3.392	3.363
10	6.937	5.456	4.826	4.468	4.236	4.072	3.950	3.855	3.779	3.717	3.665	3.621	3.583	3.550	3.522	3.419	3.255	3.198	3.140	3.110
11	6.724	5.256	4.630	4.275	4.044	3.881	3.759	3.664	3.588	3.526	3.474	3.430	3.392	3.359	3.330	3.226	3.061	3.004	2.944	2.914
12	6.554	5.096	4.474	4.121	3.891	3.728	3.607	3.512	3.436	3.374	3.321	3.277	3.239	3.206	3.177	3.073	2.906	2.848	2.787	2.756
13	6.414	4.965	4.347	3.996	3.767	3.604	3.483	3.388	3.312	3.250	3.197	3.153	3.115	3.082	3.053	2.948	2.780	2.720	2.659	2.628
14	6.298	4.857	4.242	3.892	3.663	3.501	3.380	3.285	3.209	3.147	3.095	3.050	3.012	2.979	2.949	2.844	2.674	2.614	2.552	2.520
15	6.200	4.765	4.153	3.804	3.576	3.415	3.293	3.199	3.123	3.060	3.008	2.963	2.925	2.891	2.862	2.756	2.585	2.524	2.461	2.429
16	6.115	4.687	4.077	3.729	3.502	3.341	3.219	3.125	3.049	2.986	2.934	2.889	2.851	2.817	2.788	2.681	2.509	2.447	2.383	2.350
17	6.042	4.619	4.011	3.665	3.438	3.277	3.156	3.061	2.985	2.922	2.870	2.825	2.786	2.753	2.723	2.616	2.442	2.380	2.315	2.282
18	5.978	4.560	3.954	3.608	3.382	3.221	3.100	3.005	2.929	2.866	2.814	2.769	2.730	2.696	2.667	2.559	2.384	2.321	2.256	2.222
19	5.922	4.508	3.903	3.559	3.333	3.172	3.051	2.956	2.880	2.817	2.765	2.720	2.681	2.647	2.617	2.509	2.333	2.270	2.203	2.169
20	5.871	4.461	3.859	3.515	3.289	3.128	3.007	2.913	2.837	2.774	2.721	2.676	2.637	2.603	2.573	2.464	2.287	2.223	2.156	2.121
21	5.827	4.420	3.819	3.475	3.250	3.090	2.969	2.874	2.798	2.735	2.682	2.637	2.598	2.564	2.534	2.425	2.246	2.182	2.114	2.079
22	5.786	4.383	3.783	3.440	3.215	3.055	2.934	2.839	2.763	2.700	2.647	2.602	2.563	2.528	2.498	2.389	2.210	2.145	2.076	2.040
23	5.750	4.349	3.750	3.408	3.183	3.023	2.902	2.808	2.731	2.668	2.615	2.570	2.531	2.497	2.466	2.357	2.176	2.111	2.041	2.005
24	5.717	4.319	3.721	3.379	3.155	2.995	2.874	2.779	2.703	2.640	2.586	2.541	2.502	2.468	2.437	2.327	2.146	2.080	2.010	1.973
25	5.686	4.291	3.694	3.353	3.129	2.969	2.848	2.753	2.677	2.613	2.560	2.515	2.476	2.441	2.411	2.300	2.118	2.052	1.981	1.944
26	5.659	4.265	3.670	3.329	3.105	2.945	2.824	2.729	2.653	2.590	2.536	2.491	2.451	2.417	2.387	2.276	2.093	2.026	1.954	1.917
27	5.633	4.242	3.647	3.307	3.083	2.923	2.802	2.707	2.631	2.568	2.514	2.469	2.429	2.395	2.364	2.253	2.069	2.002	1.930	1.892
28	5.610	4.221	3.626	3.286	3.063	2.903	2.782	2.687	2.611	2.547	2.494	2.448	2.409	2.374	2.344	2.232	2.048	1.980	1.907	1.869
29	5.588	4.201	3.607	3.267	3.044	2.884	2.763	2.669	2.592	2.529	2.475	2.430	2.390	2.355	2.325	2.213	2.028	1.959	1.886	1.847
30	5.568	4.182	3.589	3.250	3.026	2.867	2.746	2.651	2.575	2.511	2.458	2.412	2.372	2.338	2.307	2.195	2.009	1.940	1.866	1.827
40	5.424	4.051	3.463	3.126	2.904	2.744	2.624	2.529	2.452	2.388	2.334	2.288	2.248	2.213	2.182	2.068	1.875	1.803	1.724	1.682
50	5.340	3.975	3.390	3.054	2.833	2.674	2.553	2.458	2.381	2.317	2.263	2.216	2.176	2.140	2.109	1.993	1.796	1.721	1.639	1.594
60	5.286	3.925	3.343	3.008	2.786	2.627	2.507	2.412	2.334	2.270	2.216	2.169	2.129	2.093	2.061	1.944	1.744	1.667	1.581	1.534
80	5.218	3.864	3.284	2.950	2.730	2.571	2.450	2.355	2.277	2.213	2.158	2.111	2.071	2.035	2.003	1.884	1.679	1.599	1.508	1.457
100	5.179	3.828	3.250	2.917	2.696	2.537	2.417	2.321	2.244	2.179	2.124	2.077	2.036	2.000	1.968	1.849	1.640	1.558	1.463	1.409
120	5.152	3.805	3.227	2.894	2.674	2.515	2.395	2.299	2.222	2.157	2.102	2.055	2.014	1.977	1.945	1.825	1.614	1.530	1.433	1.376
240	5.088	3.746	3.171	2.839	2.620	2.461	2.341	2.245	2.167	2.102	2.047	1.999	1.958	1.921	1.888	1.766	1.549	1.460	1.354	1.289
