	20.0	10.0	9.00	8.00	7.00	6.00	5.00	4.00	3.00	2.00	1.00	0.50	0.10 
1	3.078	6.314	7.026	7.916	9.058	10.579	12.706	15.894	21.205	31.821	63.656	127.321	636.578	1
2	1.886	2.92	3.104	3.32	3.578	3.896	4.303	4.849	5.643	6.965	9.925	14.089	31.6	2
3	1.638	2.353	2.471	2.605	2.763	2.951	3.182	3.482	3.896	4.541	5.841	7.453	12.924	3
4	1.533	2.132	2.226	2.333	2.456	2.601	2.776	2.999	3.298	3.747	4.604	5.598	8.61	4
5	1.476	2.015	2.098	2.191	2.297	2.422	2.571	2.757	3.003	3.365	4.032	4.773	6.869	5
6	1.44	1.943	2.019	2.104	2.201	2.313	2.447	2.612	2.829	3.143	3.707	4.317	5.959	6
7	1.415	1.895	1.966	2.046	2.136	2.241	2.365	2.517	2.715	2.998	3.499	4.029	5.408	7
8	1.397	1.86	1.928	2.004	2.09	2.189	2.306	2.449	2.634	2.896	3.355	3.833	5.041	8
9	1.383	1.833	1.899	1.973	2.055	2.15	2.262	2.398	2.574	2.821	3.25	3.69	4.781	9
10	1.372	1.812	1.877	1.948	2.028	2.12	2.228	2.359	2.527	2.764	3.169	3.581	4.587	10
11	1.363	1.796	1.859	1.928	2.007	2.096	2.201	2.328	2.491	2.718	3.106	3.497	4.437	11
12	1.356	1.782	1.844	1.912	1.989	2.076	2.179	2.303	2.461	2.681	3.055	3.428	4.318	12
13	1.35	1.771	1.832	1.899	1.974	2.06	2.16	2.282	2.436	2.65	3.012	3.372	4.221	13
14	1.345	1.761	1.821	1.887	1.962	2.046	2.145	2.264	2.415	2.624	2.977	3.326	4.14	14
15	1.341	1.753	1.812	1.878	1.951	2.034	2.131	2.249	2.397	2.602	2.947	3.286	4.073	15
16	1.337	1.746	1.805	1.869	1.942	2.024	2.12	2.235	2.382	2.583	2.921	3.252	4.015	16
17	1.333	1.74	1.798	1.862	1.934	2.015	2.11	2.224	2.368	2.567	2.898	3.222	3.965	17
18	1.33	1.734	1.792	1.855	1.926	2.007	2.101	2.214	2.356	2.552	2.878	3.197	3.922	18
19	1.328	1.729	1.786	1.85	1.92	2	2.093	2.205	2.346	2.539	2.861	3.174	3.883	19
20	1.325	1.725	1.782	1.844	1.914	1.994	2.086	2.197	2.336	2.528	2.845	3.153	3.85	20
21	1.323	1.721	1.777	1.84	1.909	1.988	2.08	2.189	2.328	2.518	2.831	3.135	3.819	21
22	1.321	1.717	1.773	1.835	1.905	1.983	2.074	2.183	2.32	2.508	2.819	3.119	3.792	22
23	1.319	1.714	1.77	1.832	1.9	1.978	2.069	2.177	2.313	2.5	2.807	3.104	3.768	23
24	1.318	1.711	1.767	1.828	1.896	1.974	2.064	2.172	2.307	2.492	2.797	3.091	3.745	24
25	1.316	1.708	1.764	1.825	1.893	1.97	2.06	2.167	2.301	2.485	2.787	3.078	3.725	25
26	1.315	1.706	1.761	1.822	1.89	1.967	2.056	2.162	2.296	2.479	2.779	3.067	3.707	26
27	1.314	1.703	1.758	1.819	1.887	1.963	2.052	2.158	2.291	2.473	2.771	3.057	3.689	27
28	1.313	1.701	1.756	1.817	1.884	1.96	2.048	2.154	2.286	2.467	2.763	3.047	3.674	28
29	1.311	1.699	1.754	1.814	1.881	1.957	2.045	2.15	2.282	2.462	2.756	3.038	3.66	29
30	1.31	1.697	1.752	1.812	1.879	1.955	2.042	2.147	2.278	2.457	2.75	3.03	3.646	30
inf	1.282	1.645	1.695	1.751	1.812	1.881	1.96	2.054	2.17	2.326	2.576	2.807	3.29	inf
	10.0	5.00	4.50	4.00	3.50	3.00	2.50	2.00	1.50	1.00	0.50	0.25	0.05    